M = 7;
A = 15;
Cd = (5.588042e-02) - (3.111192e-02)*M + (6.929298e-03)*(M^2) - ...
     (5.366891e-04)*(M^3) - (1.348422e-05)*A + (1.907101e-05)*(A^2) - ...
     (2.099753e-07)*(A^3)